# The numbers in the first line are truck capacity, trailer capacity,
# number of customers, maximum number of trucks and maximum number of trailers.
150.0 100.0 150 0 0
# The 2nd line is for the depot (node 0) so the last two numbers in the line can be ignored.
0 35.0 35.0 0.0 0
# Customer Number, X-coordinate, Y-coordinate, Demand, Indicator of Truck Customer (1 = TC, 0 = VC)
1 41 49 10 0
2 35 17 7 1
3 55 45 13 1
4 55 20 19 1
5 15 30 26 1
6 25 30 3 1
7 20 50 5 1
8 10 43 9 1
9 55 60 16 1
10 30 60 16 1
11 20 65 12 1
12 50 35 19 1
13 30 25 23 1
14 15 10 20 1
15 30 5 8 0
16 10 20 19 1
17 5 30 2 0
18 20 40 12 0
19 15 60 17 1
20 45 65 9 1
21 45 20 11 1
22 45 10 18 1
23 55 5 29 0
24 65 35 3 0
25 65 20 6 1
26 45 30 17 1
27 35 40 16 1
28 41 37 16 1
29 64 42 9 1
30 40 60 21 1
31 31 52 27 1
32 35 69 23 1
33 53 52 11 1
34 65 55 14 0
35 63 65 8 1
36 2 60 5 0
37 20 20 8 1
38 5 5 16 1
39 60 12 31 1
40 40 25 9 1
41 42 7 5 0
42 24 12 5 1
43 23 3 7 0
44 11 14 18 1
45 6 38 16 1
46 2 48 1 0
47 8 56 27 1
48 13 52 36 0
49 6 68 30 1
50 47 47 13 1
51 49 58 10 0
52 27 43 9 0
53 37 31 14 1
54 57 29 18 1
55 63 23 2 1
56 53 12 6 0
57 32 12 7 1
58 36 26 18 0
59 21 24 28 1
60 17 34 3 1
61 12 24 13 0
62 24 58 19 1
63 27 69 10 1
64 15 77 9 0
65 62 77 20 0
66 49 73 25 0
67 67 5 25 0
68 56 39 36 1
69 37 47 6 1
70 37 56 5 1
71 57 68 15 0
72 47 16 25 1
73 44 17 9 1
74 46 13 8 1
75 49 11 18 1
76 49 42 13 1
77 53 43 14 1
78 61 52 3 0
79 57 48 23 1
80 56 37 6 1
81 55 54 26 1
82 15 47 16 0
83 14 37 11 0
84 11 31 7 0
85 16 22 41 1
86 4 18 35 0
87 28 18 26 1
88 26 52 9 1
89 26 35 15 1
90 31 67 3 0
91 15 19 1 1
92 22 22 2 1
93 18 24 22 1
94 26 27 27 1
95 25 24 20 1
96 22 27 11 1
97 25 21 12 1
98 19 21 10 1
99 20 26 9 1
100 18 18 17 1
101 37 52 7 1
102 49 49 30 1
103 52 64 16 0
104 20 26 9 1
105 40 30 21 1
106 21 47 15 1
107 17 63 19 1
108 31 62 23 1
109 52 33 11 1
110 51 21 5 0
111 42 41 19 0
112 31 32 29 0
113 5 25 23 0
114 12 42 21 1
115 36 16 10 1
116 52 41 15 1
117 27 23 3 1
118 17 33 41 1
119 13 13 9 1
120 57 58 28 1
121 62 42 8 1
122 42 57 8 1
123 16 57 16 1
124 8 52 10 1
125 7 38 28 1
126 27 68 7 1
127 30 48 15 0
128 43 67 14 1
129 58 48 6 1
130 58 27 19 1
131 37 69 11 1
132 38 46 12 1
133 46 10 23 1
134 61 33 26 0
135 62 63 17 1
136 63 69 6 1
137 32 22 9 1
138 45 35 15 0
139 59 15 14 1
140 5 6 7 1
141 10 17 27 1
142 21 10 13 1
143 5 64 11 0
144 30 15 16 1
145 39 10 10 0
146 32 39 5 1
147 25 32 25 1
148 25 55 17 1
149 48 28 18 1
150 56 37 10 1
