# The numbers in the first line are truck capacity, trailer capacity,
# number of customers, maximum number of trucks and maximum number of trailers.
100.0 100.0 75 50 50
# Number of type of products, hopper truck capavity, and hopper trailer capacity
2 5 10
# The 3nd line is for the depot (node 0)
0 40.0 40.0
# Customer Number, X-coordinate, Y-coordinate, indicator of truck customer
# (1 = TC, 0 = VC) and the demands of the different products.
1 22 22 0 9 9
2 36 26 0 13 13
3 21 45 1 5.5 5.5
4 45 35 0 15 15
5 55 20 0 10.5 10.5
6 33 34 0 9.5 9.5
7 50 50 0 7.5 7.5
8 55 45 0 8 8
9 26 59 1 14.5 14.5
10 40 66 0 13 13
11 55 65 0 18.5 18.5
12 35 51 0 8 8
13 62 35 0 6 6
14 62 57 0 15.5 15.5
15 62 24 1 4 4
16 21 36 0 9.5 9.5
17 33 44 0 10 10
18 9 56 0 6.5 6.5
19 62 48 0 7.5 7.5
20 66 14 0 11 11
21 44 13 0 14 14
22 26 13 0 6 6
23 11 28 0 3 3
24 7 43 0 13.5 13.5
25 17 64 0 7 7
26 41 46 0 9 9
27 55 34 1 8.5 8.5
28 35 16 0 14.5 14.5
29 52 26 1 6.5 6.5
30 43 26 0 11 11
31 31 76 0 12.5 12.5
32 22 53 0 14 14
33 26 29 0 13.5 13.5
34 50 40 1 9.5 9.5
35 55 50 0 5 5
36 54 10 0 6 6
37 60 15 0 7 7
38 47 66 0 12 12
39 30 60 1 8 8
40 30 50 0 16.5 16.5
41 12 17 1 7.5 7.5
42 15 14 1 5.5 5.5
43 16 19 1 9 9
44 21 48 1 8.5 8.5
45 50 30 1 10.5 10.5
46 51 42 1 13.5 13.5
47 50 15 0 9.5 9.5
48 48 21 0 10 10
49 12 38 0 2.5 2.5
50 15 56 0 11 11
51 29 39 0 6 6
52 54 38 1 9.5 9.5
53 55 57 0 11 11
54 67 41 0 8 8
55 10 70 0 3.5 3.5
56 6 25 0 13 13
57 65 27 1 7 7
58 40 60 0 10.5 10.5
59 70 64 0 12 12
60 64 4 1 6.5 6.5
61 36 6 0 7.5 7.5
62 30 20 0 9 9
63 20 30 0 5.5 5.5
64 15 5 0 14 14
65 50 70 0 4.5 4.5
66 57 72 0 18.5 18.5
67 45 42 0 15 15
68 38 33 1 5 5
69 50 4 0 4 4
70 66 8 0 5.5 5.5
71 59 5 0 1.5 1.5
72 35 60 0 0.5 0.5
73 27 24 0 3 3
74 40 20 0 5 5
75 40 37 1 10 10
