# The numbers in the first line are truck capacity, trailer capacity,
# number of customers, maximum number of trucks and maximum number of trailers.
150.0 100.0 120 50 50
# Number of type of products, hopper truck capavity, and hopper trailer capacity
2 5 10
# The 3nd line is for the depot (node 0)
0 10.0 45.0
# Customer Number, X-coordinate, Y-coordinate, Demand, Indicator of Truck Customer (1 = TC, 0 = VC)
1 25 1 0 12.5 12.5
2 25 3 0 3.5 3.5
3 31 5 1 6.5 6.5
4 32 5 1 3 3
5 31 7 0 7 7
6 32 9 0 2.5 2.5
7 34 9 0 5.5 5.5
8 46 9 0 9.5 9.5
9 35 7 1 2.5 2.5
10 34 6 1 7.5 7.5
11 35 5 1 7.5 7.5
12 47 6 0 8.5 8.5
13 40 5 0 6.5 6.5
14 39 3 0 6 6
15 36 3 0 9 9
16 73 6 0 6.5 6.5
17 73 8 0 9 9
18 24 36 1 6 6
19 76 6 0 8.5 8.5
20 76 10 0 2 2
21 76 13 0 3.5 3.5
22 78 3 1 6 6
23 78 9 0 6.5 6.5
24 79 3 1 4 4
25 79 5 0 8 8
26 79 11 0 7.5 7.5
27 82 3 0 3 3
28 82 7 0 2.5 2.5
29 90 15 0 4.5 4.5
30 84 3 0 5.5 5.5
31 84 5 0 5 5
32 84 9 1 1.5 1.5
33 85 1 0 3.5 3.5
34 87 5 0 1 1
35 85 8 1 2 2
36 87 7 0 2 2
37 86 41 0 9 9
38 86 44 0 7 7
39 86 46 0 6 6
40 85 55 0 8.5 8.5
41 89 43 0 10 10
42 89 46 0 7 7
43 89 52 0 8 8
44 92 42 0 5 5
45 92 52 0 4.5 4.5
46 94 42 0 5.5 5.5
47 94 44 0 3.5 3.5
48 94 48 0 6.5 6.5
49 96 42 0 2.5 2.5
50 99 46 0 2 2
51 99 50 0 10.5 10.5
52 83 80 0 6.5 6.5
53 83 83 0 5.5 5.5
54 85 85 1 6 6
55 85 85 1 7 7
56 85 85 1 5 5
57 87 87 1 4 4
58 87 87 1 8 8
59 90 90 1 9.5 9.5
60 90 90 1 2.5 2.5
61 93 82 0 8.5 8.5
62 93 84 0 3.5 3.5
63 93 89 0 8 8
64 94 86 0 7 7
65 95 80 0 8.5 8.5
66 99 89 0 6.5 6.5
67 37 83 0 8.5 8.5
68 50 80 0 6.5 6.5
69 35 85 0 7 7
70 35 87 0 8 8
71 44 86 0 3.5 3.5
72 46 89 1 6.5 6.5
73 46 83 0 4.5 4.5
74 46 87 0 5.5 5.5
75 46 89 1 17.5 17.5
76 48 83 0 2.5 2.5
77 50 85 0 14 14
78 50 88 0 3.5 3.5
79 54 86 0 1.5 1.5
80 54 90 0 5 5
81 10 35 0 3.5 3.5
82 10 40 0 6 6
83 18 30 1 5.5 5.5
84 17 35 0 5 5
85 16 38 0 4 4
86 14 40 1 5.5 5.5
87 15 42 0 10.5 10.5
88 11 42 0 2 2
89 18 40 1 7.5 7.5
90 21 39 1 8 8
91 20 40 1 2 2
92 18 41 1 8 8
93 20 44 1 3.5 3.5
94 22 44 0 5 5
95 16 45 0 4.5 4.5
96 20 45 1 5.5 5.5
97 25 45 0 8.5 8.5
98 30 55 0 6 6
99 20 50 0 5.5 5.5
100 22 51 0 3.5 3.5
101 18 49 0 4.5 4.5
102 16 48 0 5.5 5.5
103 20 55 0 6 6
104 18 53 0 3.5 3.5
105 14 50 1 4 4
106 15 51 0 3 3
107 16 54 0 2.5 2.5
108 28 33 0 6 6
109 33 38 0 6.5 6.5
110 30 50 0 3.5 3.5
111 13 40 1 3.5 3.5
112 15 36 0 4 4
113 18 31 1 5.5 5.5
114 25 37 0 6.5 6.5
115 30 46 0 5.5 5.5
116 25 52 0 5 5
117 16 33 0 3.5 3.5
118 25 35 0 2 2
119 5 40 0 10 10
120 5 50 0 6.5 6.5
