# The numbers in the first line are truck capacity, trailer capacity,
# number of customers, maximum number of trucks and maximum number of trailers.
150.0 100.0 100 50 50
# Number of type of products, hopper truck capavity, and hopper trailer capacity
2 5 10
# The 3nd line is for the depot (node 0)
0 35.0 35.0
# Customer Number, X-coordinate, Y-coordinate, indicator of truck customer
# (1 = TC, 0 = VC) and the demands of the different products.
1 41.0 49.0 1 5 5
2 35.0 17.0 0 3.5 3.5
3 55.0 45.0 1 6.5 6.5
4 55.0 20.0 0 9.5 9.5
5 15.0 30.0 1 13 13
6 25.0 30.0 1 1.5 1.5
7 20.0 50.0 0 2.5 2.5
8 10.0 43.0 0 4.5 4.5
9 55.0 60.0 0 8 8
10 30.0 60.0 0 8 8
11 20.0 65.0 0 6 6
12 50.0 35.0 0 9.5 9.5
13 30.0 25.0 1 11.5 11.5
14 15.0 10.0 0 10 10
15 30.0 5.0 0 4 4
16 10.0 20.0 1 9.5 9.5
17 5.0 30.0 0 1 1
18 20.0 40.0 0 6 6
19 15.0 60.0 0 8.5 8.5
20 45.0 65.0 0 4.5 4.5
21 45.0 20.0 1 5.5 5.5
22 45.0 10.0 1 9 9
23 55.0 5.0 0 14.5 14.5
24 65.0 35.0 0 1.5 1.5
25 65.0 20.0 1 3 3
26 45.0 30.0 0 8.5 8.5
27 35.0 40.0 1 8 8
28 41.0 37.0 0 8 8
29 64.0 42.0 0 4.5 4.5
30 40.0 60.0 1 10.5 10.5
31 31.0 52.0 0 13.5 13.5
32 35.0 69.0 1 11.5 11.5
33 53.0 52.0 1 5.5 5.5
34 65.0 55.0 0 7 7
35 63.0 65.0 0 4 4
36 2.0 60.0 0 2.5 2.5
37 20.0 20.0 1 4 4
38 5.0 5.0 0 8 8
39 60.0 12.0 0 15.5 15.5
40 40.0 25.0 1 4.5 4.5
41 42.0 7.0 1 2.5 2.5
42 24.0 12.0 0 2.5 2.5
43 23.0 3.0 0 3.5 3.5
44 11.0 14.0 0 9 9
45 6.0 38.0 0 8 8
46 2.0 48.0 0 0.5 0.5
47 8.0 56.0 0 13.5 13.5
48 13.0 52.0 0 18 18
49 6.0 68.0 0 15 15
50 47.0 47.0 0 6.5 6.5
51 49.0 58.0 0 5 5
52 27.0 43.0 0 4.5 4.5
53 37.0 31.0 1 7 7
54 57.0 29.0 0 9 9
55 63.0 23.0 1 1 1
56 53.0 12.0 1 3 3
57 32.0 12.0 0 3.5 3.5
58 36.0 26.0 1 9 9
59 21.0 24.0 1 14 14
60 17.0 34.0 1 1.5 1.5
61 12.0 24.0 1 6.5 6.5
62 24.0 58.0 0 9.5 9.5
63 27.0 69.0 1 5 5
64 15.0 77.0 0 4.5 4.5
65 62.0 77.0 0 10 10
66 49.0 73.0 0 12.5 12.5
67 67.0 5.0 0 12.5 12.5
68 56.0 39.0 1 18 18
69 37.0 47.0 1 3 3
70 37.0 56.0 0 2.5 2.5
71 57.0 68.0 0 7.5 7.5
72 47.0 16.0 1 12.5 12.5
73 44.0 17.0 1 4.5 4.5
74 46.0 13.0 1 4 4
75 49.0 11.0 1 9 9
76 49.0 42.0 1 6.5 6.5
77 53.0 43.0 1 7 7
78 61.0 52.0 0 1.5 1.5
79 57.0 48.0 1 11.5 11.5
80 56.0 37.0 1 3 3
81 55.0 54.0 1 13 13
82 15.0 47.0 0 8 8
83 14.0 37.0 1 5.5 5.5
84 11.0 31.0 1 3.5 3.5
85 16.0 22.0 1 20.5 20.5
86 4.0 18.0 0 17.5 17.5
87 28.0 18.0 1 13 13
88 26.0 52.0 0 4.5 4.5
89 26.0 35.0 0 7.5 7.5
90 31.0 67.0 1 1.5 1.5
91 15.0 19.0 1 0.5 0.5
92 22.0 22.0 1 1 1
93 18.0 24.0 1 11 11
94 26.0 27.0 1 13.5 13.5
95 25.0 24.0 1 10 10
96 22.0 27.0 1 5.5 5.5
97 25.0 21.0 1 6 6
98 19.0 21.0 1 5 5
99 20.0 26.0 1 4.5 4.5
100 18.0 18.0 1 8.5 8.5
