# The numbers in the first line are truck capacity, trailer capacity,
# number of customers, maximum number of trucks and maximum number of trailers.
150.0 100.0 100 50 50
# Number of type of products, hopper truck capavity, and hopper trailer capacity
2 5 10
# The 3nd line is for the depot (node 0)
0 35.0 35.0
# Customer Number, X-coordinate, Y-coordinate, indicator of truck customer
# (1 = TC, 0 = VC) and the demands of the different products.
1 41 49 1 5 5
2 35 17 1 3.5 3.5
3 55 45 1 6.5 6.5
4 55 20 0 9.5 9.5
5 15 30 1 13 13
6 25 30 1 1.5 1.5
7 20 50 1 2.5 2.5
8 10 43 1 4.5 4.5
9 55 60 1 8 8
10 30 60 1 8 8
11 20 65 0 6 6
12 50 35 1 9.5 9.5
13 30 25 1 11.5 11.5
14 15 10 1 10 10
15 30 5 0 4 4
16 10 20 1 9.5 9.5
17 5 30 1 1 1
18 20 40 0 6 6
19 15 60 0 8.5 8.5
20 45 65 0 4.5 4.5
21 45 20 1 5.5 5.5
22 45 10 1 9 9
23 55 5 0 14.5 14.5
24 65 35 0 1.5 1.5
25 65 20 1 3 3
26 45 30 0 8.5 8.5
27 35 40 1 8 8
28 41 37 1 8 8
29 64 42 0 4.5 4.5
30 40 60 1 10.5 10.5
31 31 52 1 13.5 13.5
32 35 69 1 11.5 11.5
33 53 52 1 5.5 5.5
34 65 55 1 7 7
35 63 65 0 4 4
36 2 60 0 2.5 2.5
37 20 20 1 4 4
38 5 5 0 8 8
39 60 12 0 15.5 15.5
40 40 25 1 4.5 4.5
41 42 7 1 2.5 2.5
42 24 12 0 2.5 2.5
43 23 3 0 3.5 3.5
44 11 14 1 9 9
45 6 38 1 8 8
46 2 48 0 0.5 0.5
47 8 56 1 13.5 13.5
48 13 52 1 18 18
49 6 68 0 15 15
50 47 47 1 6.5 6.5
51 49 58 1 5 5
52 27 43 0 4.5 4.5
53 37 31 1 7 7
54 57 29 0 9 9
55 63 23 1 1 1
56 53 12 1 3 3
57 32 12 1 3.5 3.5
58 36 26 1 9 9
59 21 24 1 14 14
60 17 34 1 1.5 1.5
61 12 24 1 6.5 6.5
62 24 58 1 9.5 9.5
63 27 69 1 5 5
64 15 77 0 4.5 4.5
65 62 77 0 10 10
66 49 73 0 12.5 12.5
67 67 5 0 12.5 12.5
68 56 39 1 18 18
69 37 47 1 3 3
70 37 56 1 2.5 2.5
71 57 68 0 7.5 7.5
72 47 16 1 12.5 12.5
73 44 17 1 4.5 4.5
74 46 13 1 4 4
75 49 11 1 9 9
76 49 42 1 6.5 6.5
77 53 43 1 7 7
78 61 52 1 1.5 1.5
79 57 48 1 11.5 11.5
80 56 37 1 3 3
81 55 54 1 13 13
82 15 47 1 8 8
83 14 37 1 5.5 5.5
84 11 31 1 3.5 3.5
85 16 22 1 20.5 20.5
86 4 18 1 17.5 17.5
87 28 18 1 13 13
88 26 52 1 4.5 4.5
89 26 35 1 7.5 7.5
90 31 67 1 1.5 1.5
91 15 19 1 0.5 0.5
92 22 22 1 1 1
93 18 24 1 11 11
94 26 27 1 13.5 13.5
95 25 24 1 10 10
96 22 27 1 5.5 5.5
97 25 21 1 6 6
98 19 21 1 5 5
99 20 26 1 4.5 4.5
100 18 18 1 8.5 8.5
