# The numbers in the first line are truck capacity, trailer capacity,
# number of customers, maximum number of trucks and maximum number of trailers.
150.0 100.0 100 50 50
# Number of type of products, hopper truck capavity, and hopper trailer capacity
2 5 10
# The 3nd line is for the depot (node 0)
0 40.0 50.0
# Customer Number, X-coordinate, Y-coordinate, indicator of truck customer
# (1 = TC, 0 = VC) and the demands of the different products.
1 45 68 1 5 5
2 45 70 1 15 15
3 42 66 1 5 5
4 42 68 1 5 5
5 42 65 1 5 5
6 40 69 1 10 10
7 40 66 1 10 10
8 38 68 1 10 10
9 38 70 1 5 5
10 35 66 1 5 5
11 35 69 1 5 5
12 25 85 1 10 10
13 22 75 0 15 15
14 22 85 1 5 5
15 20 80 0 20 20
16 20 85 1 20 20
17 18 75 1 10 10
18 15 75 1 10 10
19 15 80 0 5 5
20 30 50 1 5 5
21 30 52 1 10 10
22 28 52 1 10 10
23 28 55 1 5 5
24 25 50 1 5 5
25 25 52 1 20 20
26 23 55 1 5 5
27 23 52 1 5 5
28 23 55 1 10 10
29 20 50 0 5 5
30 20 55 1 5 5
31 10 35 0 10 10
32 10 40 1 15 15
33 8 40 1 20 20
34 8 45 1 10 10
35 5 35 0 5 5
36 5 45 1 5 5
37 2 40 1 10 10
38 0 40 1 15 15
39 0 45 0 10 10
40 35 30 1 5 5
41 35 32 1 5 5
42 33 32 1 10 10
43 33 35 1 5 5
44 32 30 1 5 5
45 30 30 1 5 5
46 30 32 1 15 15
47 30 35 1 5 5
48 28 30 1 5 5
49 28 35 1 5 5
50 26 32 1 5 5
51 25 30 1 5 5
52 25 35 1 5 5
53 44 5 0 10 10
54 42 10 0 20 20
55 42 15 1 5 5
56 40 5 1 15 15
57 40 15 1 20 20
58 38 5 1 15 15
59 38 15 1 5 5
60 35 5 1 10 10
61 50 30 1 5 5
62 50 35 1 10 10
63 50 40 1 25 25
64 48 30 1 5 5
65 48 40 1 5 5
66 47 35 1 5 5
67 47 40 1 5 5
68 45 30 1 5 5
69 45 35 1 5 5
70 95 30 1 15 15
71 95 35 0 10 10
72 53 30 0 5 5
73 92 30 0 5 5
74 53 35 0 25 25
75 45 65 0 10 10
76 90 35 1 5 5
77 88 30 1 5 5
78 88 35 1 10 10
79 87 30 1 5 5
80 85 25 0 5 5
81 85 35 0 15 15
82 75 55 0 10 10
83 72 55 0 5 5
84 70 58 1 10 10
85 68 60 1 15 15
86 66 55 1 5 5
87 65 55 1 10 10
88 65 60 1 15 15
89 63 58 1 5 5
90 60 55 0 5 5
91 60 60 0 5 5
92 67 85 1 10 10
93 65 85 1 20 20
94 65 82 0 5 5
95 62 80 1 15 15
96 60 80 1 5 5
97 60 85 0 15 15
98 58 75 0 10 10
99 55 80 0 5 5
100 55 85 0 10 10
