# The numbers in the first line are truck capacity, trailer capacity,
# number of customers, maximum number of trucks and maximum number of trailers.
150.0 100.0 199 50 50
# Number of type of products, hopper truck capavity, and hopper trailer capacity
2 5 10
# The 3nd line is for the depot (node 0)
0 35.0 35.0
# Customer Number, X-coordinate, Y-coordinate, indicator of truck customer
# (1 = TC, 0 = VC) and the demands of the different products.
1 41 49 0 5 5
2 35 17 1 3.5 3.5
3 55 45 1 6.5 6.5
4 55 20 1 9.5 9.5
5 15 30 0 13 13
6 25 30 1 1.5 1.5
7 20 50 1 2.5 2.5
8 10 43 1 4.5 4.5
9 55 60 0 8 8
10 30 60 1 8 8
11 20 65 0 6 6
12 50 35 0 9.5 9.5
13 30 25 0 11.5 11.5
14 15 10 0 10 10
15 30 5 0 4 4
16 10 20 0 9.5 9.5
17 5 30 0 1 1
18 20 40 0 6 6
19 15 60 0 8.5 8.5
20 45 65 1 4.5 4.5
21 45 20 0 5.5 5.5
22 45 10 1 9 9
23 55 5 0 14.5 14.5
24 65 35 0 1.5 1.5
25 65 20 0 3 3
26 45 30 0 8.5 8.5
27 35 40 0 8 8
28 41 37 0 8 8
29 64 42 1 4.5 4.5
30 40 60 0 10.5 10.5
31 31 52 1 13.5 13.5
32 35 69 1 11.5 11.5
33 53 52 0 5.5 5.5
34 65 55 0 7 7
35 63 65 1 4 4
36 2 60 0 2.5 2.5
37 20 20 1 4 4
38 5 5 1 8 8
39 60 12 0 15.5 15.5
40 40 25 0 4.5 4.5
41 42 7 0 2.5 2.5
42 24 12 1 2.5 2.5
43 23 3 0 3.5 3.5
44 11 14 1 9 9
45 6 38 1 8 8
46 2 48 0 0.5 0.5
47 8 56 1 13.5 13.5
48 13 52 0 18 18
49 6 68 0 15 15
50 47 47 0 6.5 6.5
51 49 58 0 5 5
52 27 43 0 4.5 4.5
53 37 31 0 7 7
54 57 29 1 9 9
55 63 23 1 1 1
56 53 12 1 3 3
57 32 12 0 3.5 3.5
58 36 26 1 9 9
59 21 24 1 14 14
60 17 34 1 1.5 1.5
61 12 24 0 6.5 6.5
62 24 58 1 9.5 9.5
63 27 69 1 5 5
64 15 77 0 4.5 4.5
65 62 77 0 10 10
66 49 73 0 12.5 12.5
67 67 5 0 12.5 12.5
68 56 39 1 18 18
69 37 47 1 3 3
70 37 56 0 2.5 2.5
71 57 68 0 7.5 7.5
72 47 16 0 12.5 12.5
73 44 17 0 4.5 4.5
74 46 13 1 4 4
75 49 11 0 9 9
76 49 42 1 6.5 6.5
77 53 43 1 7 7
78 61 52 0 1.5 1.5
79 57 48 1 11.5 11.5
80 56 37 1 3 3
81 55 54 0 13 13
82 15 47 0 8 8
83 14 37 1 5.5 5.5
84 11 31 0 3.5 3.5
85 16 22 0 20.5 20.5
86 4 18 0 17.5 17.5
87 28 18 0 13 13
88 26 52 0 4.5 4.5
89 26 35 0 7.5 7.5
90 31 67 0 1.5 1.5
91 15 19 1 0.5 0.5
92 22 22 1 1 1
93 18 24 0 11 11
94 26 27 1 13.5 13.5
95 25 24 1 10 10
96 22 27 1 5.5 5.5
97 25 21 0 6 6
98 19 21 1 5 5
99 20 26 1 4.5 4.5
100 18 18 1 8.5 8.5
101 37 52 1 3.5 3.5
102 49 49 1 15 15
103 52 64 0 8 8
104 20 26 1 4.5 4.5
105 40 30 0 10.5 10.5
106 21 47 1 7.5 7.5
107 17 63 1 9.5 9.5
108 31 62 1 11.5 11.5
109 52 33 0 5.5 5.5
110 51 21 0 2.5 2.5
111 42 41 0 9.5 9.5
112 31 32 0 14.5 14.5
113 5 25 0 11.5 11.5
114 12 42 1 10.5 10.5
115 36 16 1 5 5
116 52 41 1 7.5 7.5
117 27 23 1 1.5 1.5
118 17 33 1 20.5 20.5
119 13 13 1 4.5 4.5
120 57 58 0 14 14
121 62 42 1 4 4
122 42 57 0 4 4
123 16 57 0 8 8
124 8 52 0 5 5
125 7 38 1 14 14
126 27 68 1 3.5 3.5
127 30 48 1 7.5 7.5
128 43 67 0 7 7
129 58 48 1 3 3
130 58 27 1 9.5 9.5
131 37 69 1 5.5 5.5
132 38 46 1 6 6
133 46 10 1 11.5 11.5
134 61 33 1 13 13
135 62 63 1 8.5 8.5
136 63 69 0 3 3
137 32 22 0 4.5 4.5
138 45 35 1 7.5 7.5
139 59 15 1 7 7
140 5 6 1 3.5 3.5
141 10 17 1 13.5 13.5
142 21 10 0 6.5 6.5
143 5 64 0 5.5 5.5
144 30 15 0 8 8
145 39 10 0 5 5
146 32 39 0 2.5 2.5
147 25 32 1 12.5 12.5
148 25 55 0 8.5 8.5
149 48 28 0 9 9
150 56 37 1 5 5
151 22 22 1 9 9
152 36 26 1 13 13
153 21 45 1 5.5 5.5
154 45 35 1 15 15
155 55 20 1 10.5 10.5
156 33 34 1 9.5 9.5
157 50 50 1 7.5 7.5
158 55 45 1 8 8
159 26 59 1 14.5 14.5
160 40 66 0 13 13
161 55 65 0 18.5 18.5
162 35 51 1 8 8
163 62 35 1 6 6
164 62 57 0 15.5 15.5
165 62 24 1 4 4
166 21 36 0 9.5 9.5
167 33 44 0 10 10
168 9 56 1 6.5 6.5
169 62 48 0 7.5 7.5
170 66 14 0 11 11
171 44 13 1 14 14
172 26 13 1 6 6
173 11 28 0 3 3
174 7 43 0 13.5 13.5
175 17 64 1 7 7
176 41 46 0 9 9
177 55 34 0 8.5 8.5
178 35 16 1 14.5 14.5
179 52 26 0 6.5 6.5
180 43 26 0 11 11
181 31 76 0 12.5 12.5
182 22 53 0 14 14
183 26 29 1 13.5 13.5
184 50 40 1 9.5 9.5
185 55 50 0 5 5
186 54 10 1 6 6
187 60 15 1 7 7
188 47 66 0 12 12
189 30 60 1 8 8
190 30 50 1 16.5 16.5
191 12 17 1 7.5 7.5
192 15 14 0 5.5 5.5
193 16 19 1 9 9
194 21 48 1 8.5 8.5
195 50 30 0 10.5 10.5
196 51 42 1 13.5 13.5
197 50 15 0 9.5 9.5
198 48 21 0 10 10
199 12 38 0 2.5 2.5
