# The numbers in the first line are truck capacity, trailer capacity,
# number of customers, maximum number of trucks and maximum number of trailers.
150.0 100.0 100 50 50
# The 2nd line is for the depot (node 0) so the last two numbers in the line can be ignored.
0 40.0 50.0 0.0 0 
# Customer Number, X-coordinate, Y-coordinate, Demand, Indicator of Truck Customer (1 = TC, 0 = VC)
1 45 68 10 1
2 45 70 30 1
3 42 66 10 1
4 42 68 10 1
5 42 65 10 1
6 40 69 20 1
7 40 66 20 1
8 38 68 20 1
9 38 70 10 1
10 35 66 10 1
11 35 69 10 1
12 25 85 20 1
13 22 75 30 0
14 22 85 10 1
15 20 80 40 0
16 20 85 40 1
17 18 75 20 1
18 15 75 20 1
19 15 80 10 0
20 30 50 10 1
21 30 52 20 1
22 28 52 20 1
23 28 55 10 1
24 25 50 10 1
25 25 52 40 1
26 23 55 10 1
27 23 52 10 1
28 23 55 20 1
29 20 50 10 0
30 20 55 10 1
31 10 35 20 0
32 10 40 30 1
33 8 40 40 1
34 8 45 20 1
35 5 35 10 0
36 5 45 10 1
37 2 40 20 1
38 0 40 30 1
39 0 45 20 0
40 35 30 10 1
41 35 32 10 1
42 33 32 20 1
43 33 35 10 1
44 32 30 10 1
45 30 30 10 1
46 30 32 30 1
47 30 35 10 1
48 28 30 10 1
49 28 35 10 1
50 26 32 10 1
51 25 30 10 1
52 25 35 10 1
53 44 5 20 0
54 42 10 40 0
55 42 15 10 1
56 40 5 30 1
57 40 15 40 1
58 38 5 30 1
59 38 15 10 1
60 35 5 20 1
61 50 30 10 1
62 50 35 20 1
63 50 40 50 1
64 48 30 10 1
65 48 40 10 1
66 47 35 10 1
67 47 40 10 1
68 45 30 10 1
69 45 35 10 1
70 95 30 30 1
71 95 35 20 0
72 53 30 10 0
73 92 30 10 0
74 53 35 50 0
75 45 65 20 0
76 90 35 10 1
77 88 30 10 1
78 88 35 20 1
79 87 30 10 1
80 85 25 10 0
81 85 35 30 0
82 75 55 20 0
83 72 55 10 0
84 70 58 20 1
85 68 60 30 1
86 66 55 10 1
87 65 55 20 1
88 65 60 30 1
89 63 58 10 1
90 60 55 10 0
91 60 60 10 0
92 67 85 20 1
93 65 85 40 1
94 65 82 10 0
95 62 80 30 1
96 60 80 10 1
97 60 85 30 0
98 58 75 20 0
99 55 80 10 0
100 55 85 20 0
