# The numbers in the first line are truck capacity, trailer capacity,
# number of customers, maximum number of trucks and maximum number of trailers.
100.0 100.0 75 50 50
# The 2nd line is for the depot (node 0) so the last two numbers in the line can be ignored.
0 40.0 40.0 0.0 0
# Customer Number, X-coordinate, Y-coordinate, Demand, Indicator of Truck Customer (1 = TC, 0 = VC) 
1 22 22 18 1
2 36 26 26 0
3 21 45 11 1
4 45 35 30 1
5 55 20 21 0
6 33 34 19 1
7 50 50 15 1
8 55 45 16 1
9 26 59 29 1
10 40 66 26 0
11 55 65 37 0
12 35 51 16 1
13 62 35 12 0
14 62 57 31 0
15 62 24 8 1
16 21 36 19 0
17 33 44 20 0
18 9 56 13 0
19 62 48 15 0
20 66 14 22 0
21 44 13 28 0
22 26 13 12 0
23 11 28 6 0
24 7 43 27 0
25 17 64 14 0
26 41 46 18 0
27 55 34 17 1
28 35 16 29 0
29 52 26 13 1
30 43 26 22 0
31 31 76 25 0
32 22 53 28 1
33 26 29 27 1
34 50 40 19 1
35 55 50 10 1
36 54 10 12 0
37 60 15 14 0
38 47 66 24 1
39 30 60 16 1
40 30 50 33 1
41 12 17 15 1
42 15 14 11 1
43 16 19 18 1
44 21 48 17 1
45 50 30 21 1
46 51 42 27 1
47 50 15 19 0
48 48 21 20 0
49 12 38 5 0
50 15 56 22 0
51 29 39 12 0
52 54 38 19 1
53 55 57 22 0
54 67 41 16 0
55 10 70 7 0
56 6 25 26 0
57 65 27 14 1
58 40 60 21 1
59 70 64 24 0
60 64 4 13 1
61 36 6 15 0
62 30 20 18 1
63 20 30 11 0
64 15 5 28 0
65 50 70 9 1
66 57 72 37 0
67 45 42 30 1
68 38 33 10 1
69 50 4 8 0
70 66 8 11 1
71 59 5 3 1
72 35 60 1 1
73 27 24 6 1
74 40 20 10 0
75 40 37 20 1
